-0.00691571
-0.23521
-0.540048
-0.626904
-0.910951
0.317298
-0.136066
0.315024
-0.182924
-0.24847
-1.00919
-0.191432
-1.05577
-0.565878
-1.38852
-1.42894
-0.585006
0.295473
-0.798871
0.944724
-0.794182
-1.40951
0.570465
-0.173471
-0.68086
0.765656
-0.589843
0.0465657
-0.138575
-0.427341
-1.04431
0.00991253
0.137359
0.576643
-0.808571
-0.269965
-0.817483
-1.31015
0.417941
-0.29456
0.504366
-0.456454
-0.684452
0.0734545
0.288846
0.223889
-1.08193
-0.552562
0.205806
-0.239575
0.677204
-0.265481
-0.907493
0.805223
-0.56837
-1.07397
-0.181481
0.724919
-0.527195
0.240955
0.507962
-0.851809
-1.10656
0.37569
-0.352137
0.0381463
-0.131287
0.0105353
0.294099
-0.240245
-1.05727
-0.893656
-0.265972
0.313329
0.354722
0.511117
0.214202
0.740194
0.136921
-1.20502
-0.479186
-0.282241
-0.328062
0.166106
-0.449441
-0.468628
0.0430081
-0.563109
0.90984
-0.989672
0.1282
-0.856222
-0.900646
0.423696
0.56241
0.466023
0.703006
-0.692904
0.474471
-0.777945
-0.426301
0.421342
0.0898116
0.359169
-0.470116
-0.93867
-0.341092
0.631124
-0.874838
-0.350007
-0.694265
-0.176754
-0.563581
-0.357163
-0.717093
0.223721
-0.196288
0.0735168
-0.543063
0.260761
0.660194
-0.521362
0.555215
0.64625
-0.635785
-0.891829
0.742781
-0.865536
-0.215506
0.0770887
0.607053
-0.104191
-0.00871727
-0.883709
0.643775
-0.527425
0.466726
-0.865302
-0.211815
0.296064
0.0870534
-0.417723
-1.0079
-0.478917
0.805691
0.172917
-0.0455153
0.436252
0.428248
-0.701883
-0.597214
0.699523
-0.195236
-0.282079
-0.903749
-0.755354
0.316961
0.548691
0.338982
-0.0773605
0.049888
0.719877
-0.834825
-0.936393
-0.0735234
-0.293396
0.23071
-0.242214
0.52589
0.43649
-0.290022
0.513193
0.980884
0.571129
0.790558
-0.286292
0.103262
0.328269
0.394512
0.588822
0.853056
-0.774522
-0.106865
0.66182
0.865777
0.0710354
0.327877
-0.831655
0.901031
0.693799
0.868818
-0.538547
0.727862
-0.857809
-0.404415
0.419284
0.47937
-0.683017
0.202278
0.497286
-0.278684
0.222188
0.218024
-0.235718
-0.20007
0.53066
0.0188736
-0.841801
-0.7403
-0.869586
0.847477
0.655592
0.844361
0.0556056
0.531711
0.408623
0.332903
-0.335548
0.663822
-0.406274
0.824884
0.138042
-0.990287
-0.9372
0.377198
0.0703232
-0.306589
-0.288243
-1.01167
0.971375
0.584853
0.680892
-0.834561
0.395527
0.568932
0.767272
-0.0697503
0.111709
-0.819694
0.251875
-0.563923
-0.964645
-0.37814
0.161379
0.935184
-0.450157
0.043621
-0.387682
0.832629
-0.319481
-0.334811
-0.399254
-0.768025
0.909618
0.00855271
-0.0130515
0.0468578
0.334549
0.934799
0.75004
-0.185323
0.913989
0.146583
0.806393
0.126455
0.120962
-0.29232
0.164623
-0.075807
0.8759
-0.613025
0.0775192
-1.00123
0.373301
0.518143
-0.73616
0.816965
0.32772
0.741845
-0.899723
0.788217
0.349283
0.599308
-0.163071
0.796882
-1.02681
-0.245766
-0.848932
-0.545842
0.503199
0.539196
-0.346585
-0.207867
-0.119915
-0.204362
0.781747
0.660111
-0.808391
0.480058
0.691782
-0.532396
-0.880279
-0.765508
0.380348
-0.736396
-0.220248
0.391797
0.446973
-0.570868
-0.704303
0.470172
-0.111162
0.281489
-0.35168
0.703236
-0.192836
-0.906741
-0.743188
0.139328
-0.45095
0.13997
-0.466053
0.442168
0.210093
-0.222668
0.452134
-0.663082
-0.416985
0.413908
-0.799089
-0.800146
-0.415715
0.0490849
-0.358053
0.661842
0.470396
0.239454
-0.812242
-0.732896
0.353598
-0.543678
0.340145
0.83544
-0.199641
0.383093
-0.365773
0.865874
-0.559208
0.0279262
-0.635958
-0.113031
0.628768
0.261893
-0.226227
0.217144
0.406763
0.530864
0.279853
-0.613494
0.257873
-0.098995
0.0846815
-0.819848
0.19816
-0.34322
-1.04131
0.255034
-0.794105
-0.617004
0.449181
-0.472245
-0.00740685
-0.418338
-0.859035
-0.190657
0.038883
-0.354841
0.0943072
0.476662
0.481795
-0.0451136
-0.457366
-0.266187
0.815019
-0.0976019
-0.283753
0.783266
-0.503512
0.064052
0.233183
-0.388621
-0.379367
-0.273162
-0.231936
-0.582311
0.606169
0.294655
0.609801
-0.424724
0.766151
0.0045265
0.805766
0.805692
0.10094
-0.689166
-0.580955
-0.384073
0.860909
0.480699
-0.549771
0.0254443
0.619906
-0.420257
0.673167
-0.775173
-0.885109
0.603295
0.785971
-0.0129308
0.123612
0.813885
-0.777768
-0.278965
-0.940178
-0.153082
-0.548783
-0.554478
-0.624903
-0.672123
-0.39577
0.512087
0.0910554
1.02141
-0.111365
0.723935
-0.904061
-0.456577
-0.293139
-0.281298
-0.478543
0.868143
-0.939346
0.13601
0.834905
0.730698
-0.134008
0.637293
0.209499
-0.232753
0.46785
-0.324378
0.645245
0.320475
0.606427
0.396136
-0.833735
-0.769601
-0.0619565
0.870859
-0.00718493
-0.473395
-0.37506
-0.132777
-0.321501
0.353904
0.0914707
-0.461421
0.513201
-0.802666
-0.906805
-0.850675
-0.853792
-0.827596
0.690699
0.389685
-0.731536
-0.44561
0.457998
0.425709
0.232184
-0.379584
-0.47162
0.108255
-0.0722913
-0.828241
0.528635
-0.570471
0.919223
0.00216006
0.396597
0.317274
0.386565
-0.138154
0.428198
0.598253
-0.238497
-0.437613
-0.802595
0.488071
-0.122491
-0.28938
0.615834
-0.0714046
0.0491329
0.514696
-0.0478324
0.559212
0.418641
0.113673
0.689328
-0.181346
-0.47913
0.243799
0.855766
-0.16176
-0.688523
0.61874
0.151136
0.612805
0.819122
0.835163
-0.654587
0.588809
0.71828
0.0685254
0.07352
-0.978076
0.489994
0.316415
-0.336803
0.291587
-0.278043
-0.542565
0.410643
-0.314202
-0.124692
0.806567
0.24419
-0.0766571
0.267125
-0.573211
0.344286
-0.898678
-0.827966
-0.475212
0.700287
0.390348
-0.384161
-0.111092
0.859695
-0.381907
0.293588
0.333516
-0.739898
0.597906
-0.361501
-0.980136
-0.951093
-0.724663
0.537398
-0.300595
-0.150016
-0.593531
0.0403083
-0.473414
-0.897317
-0.477714
-0.221929
0.122568
0.419485
0.595944
0.159076
0.137677
-0.0894653
-0.674363
0.833208
0.34809
-0.363703
0.921188
0.925186
0.160345
-0.732542
0.949692
-0.604443
0.964893
0.469198
0.738307
-0.830721
0.561565
-0.607429
0.546256
-0.187752
-0.384987
-0.160965
-0.768709
-0.640645
0.450905
0.517273
-0.0131269
0.667315
-0.473973
-0.796372
0.212697
-0.648161
-0.395833
-0.758575
0.00232799
-0.348004
0.0230769
-0.297228
0.299519
-0.637071
0.889015
-0.571045
-0.550971
-0.224613
-0.158582
-0.834974
0.88676
0.882259
0.87933
0.304447
-0.0700387
0.621891
-0.956852
-0.275114
-0.405829
0.0237753
-0.546058
0.0520071
0.765453
0.0924146
0.68847
0.0973444
0.467472
0.581765
-0.0168998
0.912563
0.116696
-0.320753
0.515758
-0.341059
0.822952
0.132293
-0.962704
0.917164
0.760057
-0.244679
0.124097
-0.896433
0.116973
-0.273773
0.0831175
0.281782
-0.239514
0.916572
0.288272
-0.519401
-0.321793
0.20993
-0.0628272
0.0288648
0.955099
0.49892
-0.258927
0.46589
0.756558
0.865713
-0.752653
0.545693
-0.101175
-0.727692
-0.925962
-0.108088
-0.922805
0.0679261
0.502956
0.499629
0.0150502
0.720814
0.0183111
0.556133
0.636184
0.765652
-0.434541
-0.795139
0.543671
0.398514
0.11132
-0.0840019
0.857359
0.307894
0.361919
0.713141
0.649739
-0.845613
-0.441858
0.274971
-0.795112
0.321323
0.914112
0.820886
-0.917932
0.79624
-0.720586
-0.112124
-0.305302
-0.633463
0.248863
0.917815
0.459681
-0.844079
0.355523
0.284465
-0.887018
0.228156
0.324487
-0.363101
0.912326
0.0777753
-0.511234
-0.256409
-0.743842
-0.242608
0.782367
0.567807
0.242696
0.84716
-0.16538
-0.219
0.533136
-0.847758
-0.166009
0.719341
0.627381
0.53555
0.0150496
-0.287841
-0.117356
-0.22456
0.57042
-0.52077
0.515155
-0.908548
0.88666
0.700707
-0.897636
-0.906578
-0.680116
0.226625
0.295076
-0.417725
-0.0842512
-0.649008
0.0747451
-0.146425
-0.94823
-0.321528
-0.410739
-0.906339
-0.425302
-0.280806
0.195028
0.174654
-0.584769
0.177156
-0.41827
0.494029
-0.587225
-0.638345
-0.492596
-0.317336
-0.241673
0.329195
-1.03781
0.570523
-0.627358
-0.95205
-0.430026
-0.132301
-0.808684
-0.312499
0.828863
0.738975
0.0442698
0.107955
0.355278
-0.813839
-0.107325
-0.71038
-0.224439
0.726279
0.444424
-0.854734
0.513026
0.168514
-0.599702
0.705512
0.468964
-0.363766
0.733817
0.591538
0.821081
-0.630291
0.34607
-0.147942
-0.647393
0.600955
0.127467
0.627398
0.793014
0.763334
-0.0988166
-0.43687
-0.136702
-0.340987
0.790976
-0.957014
0.2637
-0.241905
0.023734
-0.406174
-0.483537
0.658738
-0.455534
-0.339201
0.509227
-0.928298
-0.728181
0.814362
0.586446
-0.814157
-0.0746381
0.343225
0.169303
0.780592
0.926099
-0.516505
0.390745
-0.076487
-0.298544
1.00167
-0.830577
-0.767964
-0.896319
0.599816
-0.516924
-0.00320921
0.320806
-0.298457
-0.356821
-0.447848
-0.499241
-0.19989
-0.454304
-0.340417
-0.049952
-0.4529
0.557717
0.32761
-0.146519
-0.286105
0.52152
0.141586
-0.335264
0.561119
-0.629051
0.241296
-0.214613
0.279018
-0.72618
-0.444972
-0.157407
0.270082
0.570904
-0.245344
-0.0908869
-0.439514
-0.354603
0.785635
-0.0150349
0.430559
0.742433
-0.421344
0.11928
0.429875
0.346877
-0.480157
0.510678
0.393863
0.129125
-0.81135
-0.539789
-0.177269
0.18285
-0.498578
-0.877829
-0.947979
0.48467
0.0174846
-0.311638
0.556844
-0.94878
0.786113
0.658224
-0.0524946
-0.838838
-0.594312
0.299308
0.45488
0.859354
0.140056
-0.888928
0.389356
0.397082
-0.997878
0.076579
0.508732
0.798037
0.104545
-0.27829
0.169379
0.279206
-0.963185
-0.133039
0.462979
0.626499
-0.440646
0.612208
0.64339
0.121572
0.721064
0.106262
0.742497
0.875315
-0.135166
-0.417186
0.5046
-0.0266751
0.111023
0.946048
0.454882
-0.513818
0.102777
-0.280488
0.349982
-0.230493
0.502159
-0.124312
0.942094
0.528861
-0.0927267
0.609239
0.683738
-0.013825
0.494381
-0.681399
0.100057
-0.351837
0.429971
0.390514
-0.0977193
-0.935761
0.580417
-0.294045
-0.440002
0.458211
-0.592154
0.562103
-0.576118
0.626916
0.127975
-0.0731623
-0.707199
-0.871005
0.687431
-0.20272
-0.473343
-0.427975
-0.860497
-0.155738
-0.970153
-0.620076
0.314644
-0.503764
-0.181312
-0.963188
0.863798
-0.865627
0.23407
-0.669317
-0.170498
0.182375
-0.949144
-0.0282358
0.685214
-0.110525
-0.215639
-0.276247
-0.471082
-0.365947
-0.818758
0.806938
-0.804161
-0.747352
-0.900862
-0.490368
0.386609
-0.457335
-0.0366922
-0.153955
-0.601314
-0.757199
0.589323
-0.257806
0.146209
0.883602
-0.210751
0.898394
0.240623
-0.365221
0.820458
-0.727306
0.294643
0.876646
0.49777
-1.03232
-0.587448
0.058545
-0.0924874
-0.0333201
-0.423297
0.426691
-0.760465
0.176953
-0.0802357
-0.699509
-0.191587
0.246257
-0.698097
0.802203
-0.229816
-0.298169
0.974643
-0.619322
0.459138
0.114572
-0.169625
0.474176
-0.399033
-0.0396425
-0.0249012
-0.517689
0.0356073
-0.208871
0.773604
-0.895982
-0.372969
0.149727
0.908246
-0.223525
0.124586
-0.781124
0.977135
0.360662
0.383119
0.0497185
-0.840483
-0.0428915
0.382765
0.634188
0.0625732
-0.794893
-0.0589946
-0.228037
0.494481
-0.702277
0.396534
-0.358314
-0.204267
-0.156239
-0.0487362
-0.940889
-0.384432
0.0802701
-0.783687
-0.333316
-0.774874
-0.107588
0.184159
-0.696069
0.301146
-0.264189
0.639458
-0.625607
-0.77495
-0.773162
0.539699
-0.196101
-0.891072
-0.963873
0.590027
0.793316
-0.678598
0.243916
-0.467109
0.352607
0.779599
-0.846984
-0.825057
-0.51102
-0.585603
-0.768634
0.768734
-0.0878779
0.310708
-0.132362
0.824365
0.438026
-0.550974
0.417654
-0.549975
-0.314434
-0.362087
0.308651
-0.0693486
-0.807394
0.28698
0.640584
-0.671646
0.119465
-0.671647
-0.234854
0.145146
-0.525653
0.0571222
-1.01516
0.247364
0.462299
-0.457387
0.985527
0.297313
0.709275
0.920651
-0.341072
0.700274
-0.944772
-0.694963
0.236555
0.962696
0.238257
-0.334697
-0.461451
0.826442
-0.310183
-0.0957459
0.370569
-0.375784
-0.329233
-0.150224
-0.131731
0.726208
-0.207817
0.83209
0.335476
0.680263
-0.535086
0.271644
-0.150124
0.747121
-0.462787
0.161369
0.214203
0.093333
-0.041764
0.417515
-0.430141
0.497405
-0.196136
-0.928944
-0.242371
-0.597667
0.00709436
-0.821898
0.527567
-0.00648717
-0.893944
0.219655
-0.647866
0.245528
0.399507
-0.174462
-0.0426782
-0.724466
-0.116953
0.586779
0.754823
-0.854002
-0.154708
-0.579565
0.507851
-0.430296
-0.308588
0.926269
0.230594
0.506631
-0.0774102
0.219694
0.13407
-0.220842
-0.379018
-0.891204
0.165834
-0.66481
-0.687129
0.660085
-0.32309
-0.669647
0.827821
0.591804
0.0100873
-0.841463
0.279298
-0.583188
-0.187208
0.44766
-0.236576
0.889748
-0.0232316
0.0171735
0.582262
0.620341
-0.519482
-0.587573
0.656371
0.619869
-0.580199
0.824298
0.0229152
0.00408401
-0.870994
-0.664318
-0.809326
-0.985748
-0.784657
-0.885356
-0.158715
-0.110658
0.307973
0.0351532
0.604307
0.474388
-0.285391
-0.782732
0.498838
0.644669
0.401572
0.870711
0.665448
0.223307
0.513756
-0.965459
-0.126913
0.705093
-0.647155
0.631952
0.755557
0.197694
0.599357
-0.374885
-0.633215
-0.0847396
0.261667
-0.0357746
-0.722975
0.436261
0.0973701
-0.478354
0.338542
0.520024
0.82362
-0.730339
-0.435671
0.0827116
0.43415
0.728516
0.140105
-0.461709
0.161853
0.387812
-0.381516
-0.511196
0.0810064
0.827326
-0.167401
-0.529454
-0.483711
0.0899174
-0.91746
0.530857
0.660432
0.26576
0.193551
0.326152
-0.554861
-0.154656
0.276951
0.939194
0.360633
-0.497609
0.372119
0.0888947
-0.318858
-0.62096
-0.00157583
-0.861988
0.377996
-0.314956
0.328077
0.147063
0.564191
0.244764
0.0368279
-0.610916
-0.649996
0.128867
-0.843935
-0.620623
0.876328
-0.239665
-0.680727
0.711928
-0.611039
-0.732999
0.321177
-0.117764
0.756895
-0.872272
-0.737483
-0.728887
-0.815974
0.666562
-0.832498
0.240678
0.434048
-0.368915
0.052756
0.434366
0.523592
0.352406
-0.792437
0.7312
0.0131332
-0.259387
0.0153732
0.755925
0.72406
0.374613
-0.197056
0.283385
0.222845
-0.0625206
0.36342
-0.0766618
-0.452628
0.0723978
0.184273
0.6927
-0.610078
-0.224572
0.45587
-0.609359
0.325269
0.167027
0.0706572
0.597012
0.505929
-0.0980869
-0.11383
0.726451
-0.154046
-1.03868
-0.31911
0.869372
0.474257
-0.125291
0.624245
-0.526394
0.493634
0.952679
0.0283941
0.260904
-0.166002
0.324339
0.481298
-0.847862
0.00948646
-0.851965
-0.0134995
-0.950422
-0.730161
0.825835
-0.715711
0.231225
-0.158111
-0.251993
0.0572958
-0.384573
0.60663
-0.139215
-0.605841
-0.780229
0.465
0.124939
0.462632
0.194407
-0.492143
0.592911
-0.866608
-0.307384
-0.307771
-0.567673
0.753668
-0.610961
-0.142302
0.538327
-0.316972
-1.0324
-0.840272
-0.0292461
-1.00794
0.258891
-0.553734
0.905002
-0.605055
0.62755
-0.138807
0.308593
0.493327
0.297423
-0.332533
-0.21683
0.147192
0.933891
-0.751027
-0.574316
-0.150861
-0.814371
0.150659
-0.941059
0.272511
0.530281
0.859463
0.0076611
-0.735006
0.673229
-0.201528
0.460127
-0.882612
0.253272
0.684276
-0.0308156
0.873357
-0.701817
-0.827898
-0.219273
-0.243799
-0.123473
-0.884792
0.367489
-0.699652
0.815832
-0.174451
0.594346
-0.756387
-0.850634
0.931384
-0.839891
-0.320625
-0.28621
-0.260475
-0.319757
0.409823
-0.993408
-0.0838609
0.618416
-0.741804
0.823048
-0.61887
0.630493
0.393594
-0.866006
-0.449708
0.568315
-0.994384
0.0512119
0.295424
0.511549
-0.0276841
-0.762438
0.509883
0.821845
-0.525208
0.651971
-0.294514
-0.821056
0.407411
-0.283002
-0.0462085
-0.153113
0.580706
-0.736314
-0.487765
0.879313
0.735745
0.486025
-0.609215
0.51852
-0.0189344
-0.974659
0.601977
0.199752
-0.879727
-0.486974
0.421648
0.579775
-0.31261
-0.568957
0.971533
0.660405
-0.889641
0.80207
0.377682
0.629759
-0.784413
0.338142
-0.270412
-0.689641
0.768952
0.0457294
-0.17891
0.624916
-0.164024
-0.0329015
0.776848
0.306448
-0.747452
-0.891692
0.496158
-0.834313
0.818892
-0.401565
-0.346668
-0.771076
0.779181
-0.293793
-0.765477
-0.406811
0.127347
0.807177
-0.740469
-0.149383
0.480885
0.553597
0.612367
0.812312
0.101956
0.233661
0.537886
-0.389313
1.00784
-0.545145
-0.676112
0.144668
-0.121284
0.75305
-0.806945
0.995355
-0.444709
0.567302
0.362305
0.536971
0.676548
0.891664
-0.629076
0.43662
0.61445
-0.685129
-0.137646
-0.625838
-0.36645
-0.301405
-0.597644
-0.849389
0.613167
0.00297413
0.00904175
-0.486508
0.958596
-0.695919
-0.667082
0.450714
0.666588
-0.757056
-0.64458
-0.469604
0.724952
0.0444134
0.549175
0.170736
-0.738338
-0.828268
-0.943207
-1.08949
-0.0368167
-0.321158
0.860637
0.197166
0.790705
-0.814089
0.728763
-0.0355306
0.0336262
0.348086
-0.24458
-0.165916
-1.06923
-0.410466
0.332151
0.12161
0.442425
-0.361987
0.414834
0.506157
0.936753
-0.28627
-0.419923
0.00964703
-0.513372
0.33818
0.22982
-0.280468
-0.58656
-0.0304919
0.223678
-0.892192
-0.229528
0.758728
0.36786
-0.787895
-0.356336
0.372014
0.618161
-0.759845
0.503387
0.385904
-0.149572
-0.436012
0.634413
0.252792
0.334774
-0.796225
-0.495331
-0.374876
-0.507551
0.816701
-0.083491
0.142157
-0.17351
0.681565
-0.172122
-0.937478
0.393533
0.860285
-0.483647
-0.381144
0.349323
-1.0124
-0.520573
0.525702
0.902669
0.384879
0.563095
-0.180086
0.121029
0.81217
-0.728433
-0.481632
-0.390078
-0.175869
-1.10763
0.744927
-0.0606688
0.209817
0.622996
-1.00053
-0.695197
0.687963
0.805681
-0.914418
-0.296465
-0.918863
-1
-0.202146
-0.88366
-0.520268
0.651032
-0.316904
-1.07229
-0.906784
0.0282306
1.01588
-0.123108
-0.0357859
0.662619
-0.475566
-0.423149
0.580228
0.329217
-0.545258
-0.837443
0.620149
-0.28317
0.363878
0.486706
0.0437845
0.30856
-0.0697777
-0.766996
0.789566
-0.572905
-0.53185
0.709894
0.341181
0.215058
0.23385
-0.39209
-0.253618
-0.755946
0.643499
0.718717
0.502437
-0.776947
0.513993
-0.635054
-0.364015
-0.413233
0.823557
0.674206
0.975722
-0.98992
0.692191
0.478145
-0.106266
0.804587
-0.0479342
0.372132
-0.739599
0.62347
0.239726
0.355611
-0.0296353
-0.392786
0.227576
0.802094
-0.801766
0.460779
-0.938761
0.684107
-0.428937
-0.812952
-0.656656
-0.426256
-0.393016
-0.142262
-0.244108
-0.787579
0.770607
0.52099
0.604534
-0.151126
0.519094
0.118724
0.537762
-0.195477
0.236411
0.0491626
0.307315
0.854732
-0.466703
0.283588
-0.204852
0.872812
-0.485795
0.455614
0.696418
-0.154226
0.493801
-0.0498971
0.910798
0.148808
-0.0715291
-0.766962
0.586749
-0.204884
0.412216
-0.0871393
-0.406709
-1.006
0.17734
0.672975
0.867335
-0.335584
-1.15822
0.732493
-0.961832
-0.588605
-0.932497
-0.965703
0.609746
0.0864101
-0.939054
-0.0964117
0.214031
0.0536187
0.656526
-0.88387
0.425077
0.033673
0.159079
-0.922971
0.0983761
0.720508
0.719046
-0.399364
0.443584
-0.518334
0.188855
-0.42276
0.377455
0.381349
-0.689747
-1.03559
-0.844876
0.501092
0.792761
0.086208
-0.907012
0.532597
0.537837
-0.84638
0.881985
0.809215
0.298142
-0.298349
0.621919
-0.56348
0.461297
-0.274199
-0.834954
-0.860728
-0.5981
-0.582093
0.077798
-0.224533
0.742373
-0.263332
-0.671233
-0.471466
-0.414095
-0.436222
0.574923
-0.728014
-0.170919
0.658571
0.0353175
0.859134
-0.115682
0.643506
-0.691143
-0.314526
-0.0780424
-0.593341
-0.921993
-0.874544
-0.812865
-0.152559
0.603974
-0.0932049
0.0926867
-0.701056
-0.144974
-0.0253393
0.421951
0.378591
-0.918045
-0.633449
-0.150753
0.883544
0.211557
-0.752618
-0.523002
-0.0150671
-0.0769559
0.0770328
-0.45685
-0.734262
-0.976689
-0.584192
-0.850653
0.851156
-0.587396
0.52756
-0.415456
-0.00562226
0.772414
0.160575
0.34232
-0.101505
0.421717
-0.632868
-0.874085
-0.671072
0.772618
0.281822
0.762043
-0.781603
0.451348
-0.744514
-0.310772
0.915474
0.187017
0.709247
0.253975
-0.0358722
0.234776
0.740435
0.835891
-0.321152
0.38948
-0.387211
-0.633457
0.797559
-0.797396
0.676394
-0.626842
-0.669832
0.00896275
0.30749
-0.67112
0.569159
0.791799
-0.55618
-0.429785
0.10074
0.407232
-0.761994
-0.672915
-0.713063
0.964417
0.923842
0.0697566
-0.7222
0.0689518
-0.761102
-0.795963
0.448955
0.942199
-0.34393
-0.0479484
0.31002
0.550639
-0.381272
0.743388
0.859889
-0.70929
0.736296
-0.887812
-0.831717
0.387866
-0.0460254
-0.436794
-0.562906
0.736197
0.233966
-0.833196
-0.155104
0.409444
0.127608
0.163729
-0.509425
-0.590352
-0.311496
0.923772
-0.431126
-0.562306
-0.361401
0.205049
0.398865
0.377203
0.440636
-0.052998
-0.381423
-0.986203
-0.634538
0.944097
-0.195667
-0.225496
0.628603
-0.794517
-0.967712
-0.321575
0.206288
-0.788736
-0.763039
0.780107
-0.395143
-0.668526
0.335489
0.501075
0.281366
-0.886368
0.587428
-0.523987
0.59939
0.831938
-0.756783
-1.06261
0.47534
-0.538686
0.0743367
-0.97359
-0.248245
0.656748
0.226299
0.696549
0.0578432
-0.365393
0.513819
-0.352854
0.677245
-0.269484
-1.00587
-0.38478
-0.974089
0.721963
-0.213288
-0.0520011
0.185427
0.290668
0.322808
-0.752235
0.25245
0.597231
-0.0845152
0.279623
0.453747
0.154817
-0.745224
-0.707342
0.244207
0.481763
0.3642
-0.844342
-0.158839
-0.974707
0.436789
-0.282674
0.129515
-0.555811
0.0746429
0.599499
-0.766526
-0.796565
0.843582
0.404559
0.822104
0.224469
0.36778
0.368277
0.079343
-0.389188
-0.209174
-0.859596
0.522878
-0.934098
-0.824326
-0.262632
-0.530556
0.0560299
-0.225091
0.24676
-0.149896
-0.815782
-0.44707
-0.605574
0.493946
0.248602
0.0762212
0.162157
-0.6768
-0.240641
-0.566079
-0.300973
-0.0519192
-0.267263
-0.102394
-0.711868
-0.0942021
0.0651395
-0.498071
0.399278
0.00131873
0.292062
-0.180783
0.790427
0.659168
0.114662
0.644644
-0.208514
0.218145
-0.456697
0.192496
-0.464174
-0.18848
-0.125487
-0.259018
0.134607
-0.867505
0.00720651
-0.454203
0.62211
-0.964335
0.680391
-0.13953
0.746274
-0.579076
0.233436
-0.626552
0.296098
0.906672
0.352883
0.385779
-0.195814
0.182201
-0.0236159
-0.442479
0.0945962
0.386481
-0.222466
-0.804452
-0.182476
-0.279764
0.578613
0.478578
-0.241663
0.527191
0.30842
-0.18394
0.0713179
-0.320053
-0.176912
-0.627641
-0.538729
-0.0773784
0.362737
-0.356742
-0.629672
0.777163
0.638085
0.584501
-0.744456
-0.353723
0.904364
0.760897
-0.711481
-0.426133
0.900944
0.0722124
-0.125855
-0.667702
-0.0418117
0.395488
0.137562
-0.619388
0.960204
-0.820223
0.308099
0.233593
-0.447147
-0.653538
0.699689
0.60399
-0.243005
-0.393616
0.242244
-0.207202
0.428419
0.543012
-0.20452
-0.586916
0.0105693
-0.218133
-0.976608
0.0712352
-0.953538
-0.0963812
-0.741012
0.631552
0.661457
-0.112193
0.0617654
-0.577852
-0.244638
-0.439543
-0.165196
-0.902653
0.431261
0.415119
-0.568109
-1.11786
-0.809238
-0.605065
-0.739628
-0.22018
0.419269
0.692864
-0.223109
-0.312427
0.0809062
-0.517725
0.401918
-0.18189
-0.0679975
0.379256
-0.132413
0.292192
0.11297
0.108712
-0.343232
-0.775566
-0.700029
0.662514
0.766546
0.570698
-0.913798
-0.781312
-0.958216
-0.924896
0.00513189
0.89572
0.377771
0.793045
-0.77842
0.0613515
-0.15872
-0.994129
-0.817081
-0.869415
0.582374
-0.187807
-0.814074
-0.564389
0.199291
-0.340411
0.928116
-0.141293
0.303415
-0.366135
0.31948
0.115403
-0.791743
0.257157
0.452787
-0.388134
-0.16515
-0.628035
-0.634857
-0.646683
-0.250481
0.557901
0.625314
0.40502
0.347369
-0.274675
-0.236737
-0.364223
-0.497972
-0.378203
-0.304352
-0.295905
-0.829802
-0.719349
1.00893
0.251979
-0.96012
-0.146799
0.810513
0.913352
-0.360915
-0.325072
0.155426
0.174375
-0.557431
0.666248
-0.779408
0.933167
0.0646718
-0.842083
-0.0470722
0.492246
0.757997
-0.479215
-0.446488
0.795231
-0.837603
-0.550177
0.407466
0.501419
0.501217
0.156692
-0.148434
0.320102
-0.91101
-0.698537
-0.0339543
-0.9284
-0.00392318
0.553713
-0.0218398
-0.223615
0.0743164
0.0926213
-0.499778
-0.663155
-0.580191
-0.33442
0.645907
-0.138506
-0.783257
-0.681931
0.227645
0.961341
-0.778765
-0.300806
0.806526
0.270338
0.771583
0.237038
-0.731339
0.644242
-0.021959
-0.180578
-0.253401
0.725687
-0.476867
-0.42138
0.430911
-0.346965
0.471997
-0.337143
-0.773073
-0.601862
-0.416873
-0.973227
-0.840179
0.180244
-0.858653
-0.399826
-0.0236466
-0.109917
0.421773
-0.938218
0.123178
0.515429
0.859406
-0.0312839
0.418684
-0.638883
-0.893015
0.684989
-0.407323
0.361332
-0.329637
-0.591642
0.504852
-0.717668
-0.397291
-1.09057
-0.393177
0.423243
-0.53042
0.936097
-0.598879
0.427367
-0.209501
0.889994
-0.956734
-0.234029
0.382036
-0.433045
-0.838883
0.296401
0.760951
-0.175966
-0.22981
0.681372
-0.282382
-0.903264
0.540954
-0.634501
-0.597418
-0.771714
0.126923
0.751789
-0.766621
-0.843951
-0.385366
0.209187
-0.20576
-0.535248
0.470509
-0.159755
-0.0613401
0.0551298
0.349771
-0.513766
-0.398239
0.809603
0.502918
0.453897
-0.325689
-0.0831888
0.531475
0.112096
-0.58138
-0.811656
-0.899138
-0.372571
0.916571
-0.0226466
-0.778404
-0.0855273
0.634257
-0.0555175
-0.0895578
-0.439108
-0.40055
-0.944579
-0.749914
-0.625609
0.0639615
-0.686033
0.230837
-1.00307
-0.195354
-0.248554
-0.140556
-0.182188
-0.478964
-0.536574
0.203377
0.0594736
0.865375
-0.233489
-0.339917
0.273222
0.28066
0.489553
0.55497
0.804027
-0.272731
-0.678239
0.708193
-0.17344
0.361423
0.486484
-0.0835512
-0.611795
-0.492383
0.151848
-0.928935
-0.582979
0.0778082
0.455268
-0.166182
-0.424686
0.452624
0.610597
0.700311
-0.887693
-0.295475
0.192778
-0.127108
-0.346571
0.245658
-0.782125
0.573201
0.595285
0.373801
-0.591186
-0.445433
-0.0166873
0.208982
0.502718
-0.0185258
-0.61919
0.324773
0.712245
0.908506
-0.013859
-0.636845
0.410745
-0.812369
0.341656
-0.693739
0.378507
0.0176014
0.509873
-0.568548
0.140513
0.160371
0.64703
0.568154
-0.22363
-0.843088
-0.367851
0.493144
-0.489404
-0.522079
0.27825
0.684743
0.184643
0.615907
0.000521185
0.959484
-0.605189
-0.922674
-0.68997
0.885666
0.896606
-0.748404
-0.629761
0.895993
-0.602686
0.79047
-0.291999
0.319634
-0.677385
-0.472429
-0.0162018
0.250529
0.0756379
0.605831
0.458741
-0.75343
-0.413806
-0.726822
-0.463622
-0.173436
-0.235245
0.335447
0.705759
-0.737248
0.265865
-0.409783
-0.0309053
0.013111
-0.927064
0.32982
0.455271
-0.734601
0.759883
-0.616624
0.107235
0.223139
0.479127
-0.777497
0.380039
0.736418
0.262568
0.889371
-0.28567
-0.481784
-0.836526
0.462051
0.252177
0.845591
-0.316864
0.494997
0.275487
-0.751847
-0.788861
-0.483496
0.319467
-0.541167
0.819904
-0.247734
0.520206
0.296581
-0.961746
0.327999
-0.107027
-0.13323
-0.858642
-0.812461
0.395917
0.688542
0.333804
0.137065
0.266768
-0.966699
-0.660565
0.317247
0.282321
-0.840619
0.0889324
-0.6036
-0.661283
-0.619083
-0.55331
-0.456655
0.118293
0.199951
0.761884
0.731424
-0.0374733
-0.658394
0.0847102
0.52112
0.104006
-0.51907
0.916504
0.528468
-0.223943
0.0832092
-0.308895
0.716218
0.137806
0.111213
-1.01235
-0.217601
0.0154891
0.843467
0.0126608
0.917976
-0.958623
0.313135
0.458068
0.106672
0.151708
-0.743414
-0.73304
-0.295025
-0.493171
-0.513327
0.846768
-0.373916
-0.912481
0.244629
-0.213864
-0.792645
-0.2469
0.0659953
0.0327914
0.72794
-0.549778
0.549362
-0.456231
0.739331
0.247558
0.120716
-0.682773
0.83582
0.0244332
0.247167
-0.124353
0.875141
0.726194
0.0956797
0.0314804
-0.384206
0.459668
-1.00491
-0.970417
0.614346
-0.278134
-0.281402
-0.00403599
-1.00896
0.257358
-0.00221134
-0.479061
0.362827
0.657292
0.718698
0.156158
0.270821
0.282787
-0.853196
0.649888
-1.07499
-0.844329
-0.305799
0.215371
-0.57699
-0.499961
0.218844
0.325993
-0.638633
0.392721
0.0860927
0.76203
0.0987164
0.498715
0.138397
-0.130561
0.588376
0.4775
0.735634
-0.940325
-0.836992
0.741122
0.532129
-0.777976
-0.0483091
-0.286649
-0.416341
-0.805909
-0.738038
0.0802597
0.053624
-0.506511
-0.522965
0.19528
-0.17486
-0.246166
0.212732
0.564351
0.462894
0.280518
0.321133
0.437533
0.0859701
0.326117
0.0999556
0.621506
0.979202
-0.45234
-0.190645
-0.318325
-0.523111
0.269946
-0.174451
-0.79638
-0.14212
-0.794875
0.624169
-0.550778
0.0188312
-0.755602
-0.683219
-0.310979
-0.0484109
-0.837426
-0.518465
0.646428
0.867563
0.333632
0.71196
0.811435
-0.881617
0.815438
0.229599
-0.493802
-0.0662597
-0.143486
-0.680814
-0.0946562
-0.990336
-0.195877
0.0274763
-0.557974
0.129765
0.71228
0.277467
-0.00830201
0.522343
0.838435
0.122636
0.854705
0.711151
0.623699
-0.653878
-0.387736
-0.882043
-0.730714
-0.180538
-0.0245419
0.156563
-0.486503
-0.560192
0.629926
-0.848911
-0.808573
-0.846259
-0.185167
-0.7004
-0.927757
0.14987
-0.460029
0.934137
0.0902566
-0.592612
-0.349662
0.715315
-0.421411
-0.226241
0.542288
-0.789376
0.544248
0.614887
0.702813
-0.154186
-0.213748
-0.116575
0.0595656
0.32864
0.141643
-0.540109
-0.875724
-0.347937
0.570247
0.147204
-0.171854
-0.119909
-0.993459
-1.09999
0.695163
0.655737
0.732366
0.728196
-0.134059
-0.282035
0.109971
0.0380961
0.202933
0.418233
0.570989
-0.476911
0.301744
-0.822836
-1.0052
-0.343327
0.0359333
-0.523358
0.546865
-0.094233
0.798305
0.546938
0.520844
0.595695
0.0575749
0.0259378
-0.12666
0.565304
0.682269
-0.835367
-0.735972
0.450865
-0.84251
-0.918916
0.355634
0.526058
0.247097
0.284207
-0.93723
0.787354
-0.178511
-0.847228
-0.478392
0.472098
0.411154
0.301066
0.171338
-0.155065
-0.851278
-0.632665
0.430134
0.208524
-0.376729
-0.0311104
-0.235733
0.42712
-0.292234
0.726021
-0.920456
0.0616057
-0.453598
-0.0599027
-0.770031
0.276316
0.977678
-0.342741
-0.660118
-0.0428753
0.835101
-0.325808
0.787231
-0.690747
-0.453392
-0.328916
-0.0716288
0.11112
0.666918
0.944155
-0.272725
-0.327498
-0.842887
-0.71293
-0.559399
-0.788568
-0.118229
-0.198438
0.97345
-0.670639
-0.841047
0.00441115
0.968648
-0.478617
-0.743209
-0.210663
0.763812
0.699867
0.215464
0.242411
-0.940742
-0.249733
-0.578543
-0.461325
-0.106917
-0.477698
0.490257
-0.202266
-0.311781
0.979097
-0.859037
-0.879358
-0.0772951
0.443129
0.76737
-0.322031
-0.697808
-0.288488
-0.120335
0.54585
-0.646087
0.250245
-0.360566
0.269543
0.135049
0.619863
0.327835
-0.287502
-0.358049
-0.338222
0.343497
-0.261565
0.182391
-0.381129
-0.906505
-0.739232
0.312822
0.764238
-0.130571
0.520806
0.520403
0.289386
-0.961036
-0.384854
-0.132056
0.264476
-0.393848
-0.404542
0.14739
-0.415196
0.552558
0.635395
-0.5968
-0.377928
-0.424969
0.31366
0.873937
-0.513131
0.457967
0.516479
0.162446
-0.471005
-0.157557
-0.932463
0.201117
0.253852
0.0078639
0.0681493
-0.688314
0.109041
-0.122723
-0.899804
-0.886083
-0.0394392
0.530871
-0.0198408
-0.857342
-0.989421
-0.119453
-0.831805
-0.230827
-0.587532
0.251214
-0.0662719
0.113919
-0.715131
0.602981
-0.451751
0.506243
0.00106368
-0.701729
0.69766
-0.296244
0.316627
0.474881
-0.607642
0.533416
0.595317
0.387778
-0.224878
0.00905407
0.374984
0.228692
0.47055
-0.920102
0.64283
-0.40101
0.179573
0.345192
-0.642224
0.718011
-0.950466
0.166895
0.375386
0.149441
-0.887926
0.735327
-0.985967
-0.330503
-0.185646
0.0648781
0.0218619
-0.526436
-0.276408
-0.475148
-0.47754
-0.106378
0.922461
0.490927
-0.436684
0.502105
0.851694
0.411025
-0.441894
0.254573
-1.11123
-0.505776
-0.7989
0.659656
-0.150819
-0.820577
-0.528776
-0.980835
0.469526
0.492709
0.56151
-0.0602596
0.202929
-0.582168
0.0914349
0.219861
-0.433784
0.0637307
0.843077
-0.289474
-0.879762
0.635669
-0.374865
-0.273229
0.913702
0.407045
0.581709
-0.522242
-0.690738
0.430554
-1.04397
0.825752
-0.880481
0.578019
0.181108
-0.333869
0.140411
-0.107638
0.413723
0.312677
-0.97162
0.0782209
-0.294178
-0.125704
0.129817
0.270861
-0.750105
0.713247
0.515043
0.255557
0.732122
0.292837
-0.54958
-0.373418
-0.38338
-0.955671
-0.535433
-0.763707
-0.411343
-0.141363
-0.0175291
-0.275251
0.486448
-0.0759615
0.538518
-0.000712488
-0.5889
0.508104
-0.426161
0.747953
-0.547284
-0.945842
0.621329
-0.735849
-0.766588
0.804998
0.390465
-0.898084
-0.765299
-0.707184
0.702976
0.411327
-0.636927
0.921547
-0.931408
-0.932031
-0.0711257
0.0955723
-0.234231
-0.25853
-0.0762222
-0.868482
-0.917585
0.224405
-0.590267
0.670159
0.202631
-0.814352
-0.719371
0.378115
0.561755
-0.119066
-0.870915
-0.55707
0.550634
-0.674461
-0.900844
-0.527985
0.620885
-0.146413
0.111969
-0.281714
-0.774865
0.431204
-0.432832
-0.0206785
-0.18678
0.457876
-0.0147992
-0.750317
-0.384332
-0.336133
0.430629
0.355907
-0.19916
0.574418
0.117382
-0.835048
-0.988478
0.0296386
-0.352359
-0.865385
-0.824715
-0.713107
0.674466
-0.372834
0.788105
-0.556575
0.375562
-0.338679
0.350865
-0.684377
-0.867045
0.411582
-0.894541
0.538223
-0.870827
0.530549
-0.812155
-0.0953124
0.827138
0.137225
0.0263186
0.282741
-0.350297
0.552168
-0.155339
-0.507279
-0.846207
0.291995
-0.455767
-0.190143
0.48272
0.797506
0.747579
0.401616
-0.0700208
0.0299153
-0.888151
0.20737
-0.948512
0.832874
-0.478564
0.326346
-0.913506
-0.869881
0.301976
-0.744011
-0.561872
0.745022
0.216296
0.555245
-0.666474
0.897303
-0.0748641
-0.411777
0.0886152
0.235872
-0.794635
0.362254
0.84336
0.413437
0.0239063
-0.531502
0.460636
0.0383815
0.336936
0.825507
-0.326082
0.958696
0.973312
-0.306591
-0.329557
0.674013
-0.234426
-0.256342
-0.0476315
0.1043
0.743519
0.835886
0.184302
-0.77747
0.857546
-0.842914
0.682582
-0.19483
-0.339001
-0.000663676
-0.0604419
0.724322
-0.423443
-0.270885
-0.530432
-0.732261
0.380284
-0.202922
-0.296227
-0.433577
0.500452
0.0724644
-0.349625
0.49245
-0.407221
-0.239666
-0.411724
0.247848
-0.648581
-0.271974
0.109856
-0.502329
-0.0340482
-0.0818191
0.363062
0.00287781
0.873025
-0.725542
0.47882
-0.785294
0.847448
0.432882
0.133679
-0.843401
-0.216662
0.750826
0.370093
-0.646808
0.694758
-0.465654
0.779111
0.178112
0.908751
-0.157827
0.365411
-1.19354
0.673414
-0.538749
-0.074329
-0.0698566
-0.363248
-0.0739176
0.18741
0.847793
-0.869782
0.848199
-0.152079
-0.894533
-0.21352
0.114712
0.656128
-0.255277
-0.545821
-0.430762
0.633474
-0.949843
-1.09204
0.0897019
0.791903
-0.0912232
-0.811038
-1.0402
-0.0576078
0.182631
-0.0312627
0.257753
-0.18478
-0.246458
0.0144966
0.106823
0.109603
-0.133713
-0.233491
0.148441
0.0328751
-0.383197
-0.285826
-0.664977
-0.193586
-0.142518
0.273376
0.23412
0.227608
0.639748
0.666923
0.571634
0.412854
0.566145
-0.46947
0.497717
-0.730882
-0.13031
-0.0269349
-0.596881
0.857888
-0.508271
0.398169
-0.279039
0.6539
0.805553
0.316673
0.403865
0.445949
0.193426
-0.241528
-0.289495
0.282671
0.462713
0.238602
-0.468847
0.817746
0.528185
0.251725
-0.468722
0.329805
-0.178088
-0.374705
-0.345609
0.69491
-0.418134
-0.320403
0.590609
0.287909
0.249879
0.0675032
-0.136586
0.243246
-0.0704159
-0.010685
0.603443
-0.799987
0.650991
0.48202
0.421384
0.368968
0.132135
-0.454652
0.157819
-0.272097
-0.610497
-0.212012
0.317894
-0.26346
0.343966
-0.383287
-0.488736
-0.146956
-0.0193228
-0.414157
-1.00578
-0.498241
0.186553
0.550047
0.537144
0.473849
-0.375184
0.488202
-0.208386
-0.190401
0.0495641
0.321503
-0.217299
-0.29335
0.0671014
0.526909
-0.265917
-0.370057
0.0686608
-0.553641
-0.639054
-0.0174786
0.491415
-0.593783
0.436173
0.56216
-0.132895
0.593736
0.63446
-0.688225
-0.681048
0.838548
0.347453
0.0109252
-0.48185
0.363619
-0.622227
-0.810362
-0.0631274
-0.516341
-0.579852
0.11005
0.125196
-0.448436
-0.532789
0.0272532
-0.601463
0.0161069
-0.226265
-0.842195
-0.117982
-0.356591
-0.0957688
-0.425844
0.538849
-0.368805
-0.234043
-0.00402125
-0.30982
-0.544922
-0.460291
-0.112521
0.0217352
-0.779593
0.471642
0.267262
0.0544062
-0.450953
0.12019
-0.0435931
-0.495506
0.10245
-0.21728
0.245207
0.383623
0.213633
0.305454
0.666304
-0.461766
0.199327
0.114111
-0.430606
0.0213536
-0.165865
0.21351
0.0699356
-0.181271
0.157083
-0.144539
-0.436898
-0.275464
-0.394562
-0.460495
0.587152
-0.668811
-0.548884
-0.118883
-0.462005
0.443525
0.727655
-0.439987
0.718475
-0.474918
0.0160273
-0.854509
0.613013
0.666254
0.360922
-0.383311
0.201456
0.287545
-0.300899
0.661554
0.428937
0.613801
-0.611375
1.05982
0.839308
0.456983
0.466996
0.559277
0.393752
-0.622652
-0.393348
0.216633
0.283931
-0.309528
-0.237053
-0.143892
0.0890465
-0.30455
-0.379879
-0.595647
0.438775
0.362127
0.224136
0.266802
-0.518621
-0.399829
0.415071
-0.249469
-0.209747
-0.277478
-0.305831
0.0199502
-0.544404
-0.610668
-0.157922
-1.3811
-0.397306
0.300257
-0.875965
-0.505414
-0.608971
-0.0864667
-0.196018
-0.545587
-0.817556
-0.893004
0.149719
-0.693478
0.0341767
0.330134
-0.10014
0.495936
0.129672
-0.167003
-0.269535
-0.602941
0.18621
0.109624
-0.562332
-0.0204822
0.187627
0.0563304
-0.189536
-0.104077
-0.676291
-0.484328
-0.140583
0.0374791
-0.151687
-0.222129
-0.956207
0.229341
0.00718847
-0.587559
0.139267
0.226228
-0.297972
0.108842
-0.910001
0.211217
-0.351732
-0.0790536
0.338013
-0.120894
-0.547385
-0.256798
-0.251403
-0.665288
0.623693
-0.258966
1.03398
-0.165575
-0.625383
0.850971
-0.328609
-0.0907221
-0.332614
-0.037814
0.870262
0.163183
0.227117
-0.216682
-0.635204
-0.125467
-0.131235
-0.857591
0.273995
-0.280235
-0.956327
-0.168784
-0.0720964
0.645186
-0.336992
-0.493638
-0.144655
-0.321034
-0.188555
-0.750402
-0.131292
-0.407826
0.482755
0.632391
-0.438149
-0.136317
0.15879
-0.254278
-0.415758
0.0086055
-0.862671
-0.372824
-0.598102
-0.227525
-0.448942
-1.29429
-0.528842
-1.07684
-0.528747
-0.380951
-0.576637
-0.267254
0.155807
-0.277741
0.518922
-0.274587
-0.17261
-0.449298
-0.60873
0.218625
-0.341427
0.0884603
-0.118698
0.0368193
-0.40312
-0.614612
-0.327942
-0.168334
0.0618152
0.365655
0.248179
-0.543533
-0.908048
0.557668
0.0095415
-0.586192
-0.247702
-0.22624
-0.199749
-0.943756
0.251325
0.242945
-0.29321
0.261262
-0.15129
-0.260979
-0.61101
-0.731649
0.0891291
0.287151
-0.105023
-0.687134
-0.219833
-0.289016
-0.595929
-0.827297
-0.178999
-0.519448
0.7371
0.643417
0.232662
0.0827974
0.225841
0.395297
-0.0922156
-0.432292
-0.557847
-0.146483
0.153304
-0.763687
0.435144
0.604746
-0.799204
-0.88337
-0.26408
-0.396592
0.165345
0.0511708
0.151397
-0.176676
0.738232
-0.292087
0.37309
0.0128726
-0.695865
0.43965
-0.153331
-0.495371
-0.323772
0.0920515
-0.366358
0.257696
0.773174
-0.104909
0.342719
-0.0293575
-0.0766851
-0.529758
0.110692
0.178129
-0.440648
0.378138
-0.583285
0.530108
-0.11103
-0.101388
-0.165953
0.241816
0.979622
0.284843
-0.317509
0.168187
-0.408132
0.0305261
0.347416
-0.37011
-0.458329
-0.31247
0.410338
0.0476146
0.288094
0.222379
0.383119
-0.44725
0.147115
0.302414
-0.322892
-0.111227
-0.211195
-0.183669
-0.140922
-0.374213
-0.516463
-0.228776
-0.349544
-0.456764
-0.160041
-0.25146
0.171111
-0.189078
-0.822782
-0.339906
-0.267679
0.00583438
-0.192115
-0.437074
-1.01574
0.272133
-0.287697
-0.0586801
0.410262
-0.0580044
-0.259238
-0.18806
-0.687479
-0.345317
-0.724946
-0.149607
-0.210834
-0.598578
-0.238942
-0.41796
-0.494946
0.0797156
0.536576
1.01779
-0.431852
-0.537554
0.395927
0.357164
-1.03054
-0.339145
-0.646098
0.443037
-0.569993
0.605563
-0.522859
-0.316261
0.105484
0.274191
-0.395466
-0.210017
0.159775
0.193637
-0.193962
-0.486546
0.187203
-0.0695302
0.299041
-0.663677
0.0752648
0.81397
-0.807917
0.151424
0.832839
0.714497
-0.479173
0.505007
0.350365
-0.0754572
0.242103
0.0514822
0.180318
0.401012
-0.568661
-0.88587
0.843677
0.491573
0.133158
0.676382
0.751751
0.0969079
-0.648057
-0.607738
-0.0977714
-0.160113
0.17059
1.18447
0.0496189
-0.411372
0.49026
0.0211275
-0.244702
0.117323
0.373088
0.1106
-0.401953
-0.368239
-0.216449
-0.323898
0.0526758
-0.469837
0.14454
-0.210823
0.594645
-0.558478
-0.252454
0.332305
0.284304
0.35763
-0.162214
-0.35652
0.569463
-0.12411
-0.627639
-0.42395
-0.30321
-0.304427
-0.304382
-0.803203
-0.293013
-0.425411
0.251045
-0.327379
0.0544896
-0.388004
-0.889471
-0.443721
-0.688071
0.580752
0.530163
0.472831
0.771879
-0.0187349
-0.474074
-0.084519
0.289753
-0.551152
-0.31277
-0.714371
0.276637
0.0480709
0.621622
0.067221
-0.395598
-0.0956627
0.420558
0.211534
0.108521
-0.59713
-0.554514
0.0449231
0.241339
-0.316021
-0.0114051
0.288996
0.715026
0.396186
0.282949
0.058153
0.354331
-0.162736
0.655112
0.0516303
0.53966
-0.532605
0.509885
0.104642
0.172631
0.0783485
0.667973
0.138393
-0.266892
-0.0143024
1.29035
-0.706047
0.0655305
0.634566
-0.16271
0.824064
-0.116217
-0.52502
0.428115
-0.169337
0.160367
0.578044
0.587215
-0.220051
0.634147
-0.22862
-0.810086
-0.2469
0.605391
-0.37487
0.66773
0.0848645
-0.349957
0.525265
-0.192538
0.689202
0.562675
0.461326
0.0325385
-0.283174
0.121193
0.366531
-0.187186
0.742668
0.186377
0.647331
-0.209416
0.0655039
0.726782
-0.594678
-0.316709
-0.584937
0.877759
0.368225
-0.547569
0.210535
0.591449
-0.565969
0.442286
0.335394
0.229261
0.013706
-0.2201
-0.538215
0.537792
-0.50943
0.459774
0.67222
-0.617905
-0.329721
0.380633
-0.179677
-0.659801
0.249042
0.0920105
-0.8854
0.634058
0.457148
-0.881296
0.732331
-0.0251799
0.0100258
0.722116
0.43674
0.306741
0.260085
0.252053
-0.300111
-0.555314
-0.0722156
-0.328605
0.910236
0.244724
-0.149339
0.22547
0.786245
0.183142
-0.156639
-0.546551
-0.255966
0.698938
-0.464557
-0.0492366
-0.173785
-0.651497
0.408357
0.33594
-0.217494
0.0150296
-0.149869
-0.129104
0.374039
-0.826305
0.160061
0.163642
-0.565739
0.71805
0.780673
0.819776
0.217444
0.806049
0.106984
-0.265285
-0.340773
-0.665963
0.376961
-0.31062
-0.389711
-0.0789397
-0.731767
-0.672878
0.390343
0.44841
0.207808
0.0242215
-0.581576
0.313114
0.53653
0.776989
-0.467042
0.00203635
0.0744665
-0.305506
-0.296436
-0.162669
-0.000676641
0.77048
0.680963
0.076417
0.46923
0.495184
-0.393925
-0.0741827
0.483712
-0.618209
0.160057
0.952831
-0.344913
-0.0217118
0.576179
0.381027
0.134212
0.76008
0.012385
0.72462
-0.439072
0.896896
0.432235
0.469401
0.296736
-0.325689
0.483564
-0.326058
-0.114707
0.43025
0.695278
0.595694
-0.188152
-0.268406
0.60738
-0.499226
-0.291182
-0.439382
0.00030289
-0.0799913
0.866326
0.565998
-0.208022
-0.282908
0.487683
-0.0267842
0.335054
-0.76986
0.45332
-1.03746
-0.285689
0.706606
0.439539
0.406122
-0.469886
-0.779774
0.903584
0.765594
-0.210641
0.0603394
-0.597727
-0.261532
0.320346
-0.764939
0.0931029
-0.422082
0.846709
0.636943
-0.520148
0.257496
-0.285
-0.153498
0.0962035
-0.452994
0.499761
-0.0232292
-0.388481
-0.494225
0.82844
0.86633
0.424894
-0.418555
0.595234
-0.460039
-0.796186
-0.099927
0.730451
-0.419036
-0.441907
-0.218182
0.282699
0.22535
0.185938
0.641186
-0.58422
-0.36104
0.122749
0.484434
-0.480934
-0.682671
0.867954
0.818187
0.608781
0.727382
-0.587072
-0.907185
0.920337
-0.458442
-0.0645309
-0.116354
0.233337
-0.270513
-0.952506
-0.4422
-0.239732
-0.756449
0.0116041
-0.256757
0.554702
-0.568533
0.88333
0.553286
0.714554
0.047226
-0.588491
0.617472
-0.463973
-0.596095
0.0790536
0.224073
0.0196176
-0.475754
-0.796288
0.641865
-0.0804801
0.731064
-0.0599203
0.0219977
0.299035
0.219541
0.602783
-0.932681
0.0549164
-0.73715
0.141313
-0.463217
-0.643792
0.840737
-0.176317
-0.842885
-0.238633
0.953175
0.387644
-0.62249
-0.145345
-0.990233
0.119199
-0.939918
0.575806
0.226311
-0.322926
0.544979
-0.153554
-0.693667
-0.256746
0.413208
-0.95372
0.143032
-0.537005
0.550127
-0.452388
-0.0303364
0.524047
0.850261
-0.310866
0.726668
0.754498
0.00759011
-0.0621809
0.0669772
-0.521178
0.433331
0.489531
0.655345
0.483924
-0.10845
-0.373481
-0.201493
0.785656
-0.27033
-0.665571
0.0303522
-0.723098
-0.402266
0.370886
-0.604
0.721362
-0.156316
0.466915
0.635791
0.724593
-0.073002
0.578211
-0.316788
-0.867385
-0.750938
-0.558145
-0.609153
0.740353
0.0933962
-0.0509367
-0.33165
0.305864
-0.955306
-0.205812
0.0189117
0.389222
0.12218
0.199799
-0.177673
0.202968
-0.0608169
-0.368703
0.0476149
-0.914075
0.329349
0.120731
-0.241813
0.0495627
-1.16355
0.105506
-0.787808
-0.345613
-0.167564
0.585643
-0.85535
0.717672
0.0230898
-0.889316
0.771709
0.315664
0.873406
-0.127501
-0.918053
0.474003
0.710442
-0.32835
-0.33133
-1.1616
0.134331
-0.856151
0.809573
-0.278962
0.475428
0.592491
-0.663527
-0.0851645
0.747022
0.130252
0.592763
0.75589
0.570059
-0.709509
-0.241612
-0.465096
0.062005
-0.182002
0.440329
-0.677552
-0.80257
-1.07463
0.885816
0.75086
0.164825
0.439609
-0.191359
-0.534148
-0.0605657
-0.950114
-0.534998
-0.552143
0.527035
-0.740582
0.386697
-1.06052
0.513445
0.389849
-0.497273
0.00608594
0.378068
-0.0206647
-0.418881
-0.153719
0.265629
0.0954254
0.492074
0.16844
-0.678743
0.667497
0.0609741
-0.272751
-0.284684
0.813016
-0.880538
0.301402
-0.770915
0.769011
0.137216
-0.636145
-0.31121
0.75135
-0.0191299
0.561684
-0.10868
-0.592739
-0.483982
-0.677702
-0.140994
-0.254478
-0.0592927
-0.711343
0.254626
-0.211815
-0.877576
-0.966467
0.495875
0.203668
-0.116504
0.781244
0.734568
-0.962351
-0.801197
0.543316
-0.43946
-0.559034
-0.787062
-0.527379
-0.803157
-0.310424
0.808115
-0.855763
-0.313735
0.459478
0.523866
-0.60728
0.242786
-0.858834
0.447477
-0.887739
-0.136814
0.698079
-0.386506
-0.843483
-0.644653
-0.278452
0.554417
-0.671068
-0.394934
-0.777906
-0.530719
0.691108
-1.009
0.316648
0.233009
-0.398633
0.677381
0.70973
0.323109
-0.304557
0.379302
-0.295038
0.0452436
-0.749562
-0.151325
0.468035
0.360979
-0.524926
-0.969797
-0.17817
-0.775796
-0.157884
0.287539
-0.428358
-0.763177
0.39553
-0.515858
0.731703
-0.366748
-0.0277581
0.333287
-0.260083
0.815531
-0.764351
0.114277
-0.784142
-0.587793
0.31592
0.0870863
-0.950623
-0.354359
-0.665851
0.916485
-0.638388
-0.73244
-0.787771
0.674887
-0.888124
-0.324063
-0.596964
0.539772
-0.514625
0.128774
0.254216
0.483127
0.443901
-0.298572
0.00412699
-0.812733
-0.451523
-0.82261
-0.301725
-0.49705
-0.374366
0.860461
-0.507136
0.271649
0.582875
-0.683833
-0.043447
-0.628697
-0.375015
0.961884
-0.0262654
0.695027
-0.371697
-0.32448
0.225302
-0.394278
-0.544149
-0.23736
-0.489623
0.447607
-0.416107
0.172665
0.630491
-0.752315
0.320636
-0.82315
-0.462329
0.801118
-0.440851
0.720264
-0.538398
-0.547478
-0.951649
0.533807
0.285382
0.857908
0.76691
-0.268158
-0.404246
0.00610047
-0.117381
0.271565
-0.851752
0.229159
0.530221
0.36204
0.0821506
-0.125994
0.13207
-0.860402
-0.0179775
0.162562
-0.798642
0.870532
0.605239
0.483874
0.517611
0.727899
-0.315954
0.571391
0.420768
0.764057
0.00663366
-0.777981
-0.283344
-0.820973
-0.163317
-0.437228
0.958194
-0.328297
0.44273
0.124883
0.586298
-0.44662
-0.151918
0.0477985
0.134124
0.173772
0.133558
-0.00910781
0.642282
-0.252158
0.799962
0.942346
-0.945778
0.754658
0.824198
0.919583
-0.563111
-0.818353
0.211084
-0.751958
-0.414585
-0.479127
-0.439984
0.153508
0.258219
-0.663099
0.428574
0.61966
-0.221607
0.931975
-0.447195
0.391746
0.526795
-0.355768
-0.855275
-0.550875
0.89856
0.875234
0.838613
-0.305764
0.983345
-0.338311
-0.843501
-0.73443
-0.212771
0.615955
0.768136
0.927708
-0.606568
-0.735813
-1.00504
0.206324
0.763484
-0.0365525
0.587807
-0.297515
-0.896468
0.652856
0.184747
0.61713
-0.204013
0.588205
0.876037
-0.75214
-0.608537
0.322927
0.132457
0.839169
0.899718
-0.0190629
-0.78828
-0.971609
-0.0934708
-0.132289
-0.0843951
-0.208332
-0.523717
-0.555174
-0.257836
-0.668743
-0.0759258
0.701516
0.900533
0.407181
0.508357
0.427083
-1.085
0.77412
0.825672
-0.370835
0.592108
0.209389
-0.868071
0.130733
0.712764
0.303505
-0.746614
-0.2897
-0.42352
-0.962815
0.568773
0.221197
0.375735
0.232163
0.454011
0.433506
-0.122154
0.273893
0.358298
0.461871
0.583339
0.471243
0.731062
-0.63858
-0.601807
-0.988087
0.304362
0.214797
-0.793587
-0.509371
0.124346
-0.600944
0.231114
-0.786798
0.666027
-0.0731844
-0.346168
0.735544
0.15111
-0.269214
-0.858934
0.623315
0.470227
-0.366039
-0.756246
0.208163
0.652692
0.519137
0.271141
-0.327405
-0.933919
0.285557
-0.761421
-0.820969
0.329997
-0.932581
0.808739
-0.833142
-0.858501
0.48324
-0.0331231
0.869444
0.192759
-0.441819
0.539231
-0.488493
-0.00425105
0.652397
0.346959
-0.559068
-0.930463
0.490341
0.836471
0.846041
0.480063
-0.917306
-0.130101
0.813342
-0.664062
0.146076
-0.913864
0.484082
0.31194
-0.900098
-0.550598
-0.174935
0.330729
0.234534
-0.721384
0.0228604
0.385347
-0.406588
-0.128645
0.25234
0.326736
-0.468754
-0.381295
0.972808
-0.394783
0.661969
-0.114107
-0.774164
0.881501
-0.819087
0.11623
-0.462412
-0.943141
0.544677
0.597102
0.51473
-0.576115
0.164664
-0.625165
-0.318718
-0.455833
0.729965
0.0999711
-0.281082
0.708235
0.795983
-0.254205
0.208738
-0.348673
-0.361045
-0.0497167
-0.952503
0.599331
-0.328163
-0.635914
0.0658296
-0.239886
-0.00629657
0.595112
-0.368321
0.177762
0.509073
-0.251988
0.812456
-0.554643
-0.630976
-0.970299
-0.671466
-0.301748
0.0629748
0.0634366
0.380959
0.148142
0.856319
0.00116395
-0.876924
-0.108637
0.805473
-0.607476
0.650051
0.252008
-0.722942
0.864078
-0.110737
-0.240979
-0.604964
-0.0539221
-0.761607
0.451868
-0.0950842
0.625315
-0.212964
-0.628002
-0.79621
0.215119
0.994401
0.267072
0.648305
0.850603
0.971006
0.939495
-0.26238
0.0852638
-0.726461
0.028756
-0.833136
0.633805
0.0979511
0.66119
0.363451
-0.150965
0.0892381
0.567179
-0.353953
0.194595
0.82452
0.27294
0.0702007
-0.350748
-0.883997
0.492913
-0.108492
0.648299
0.794029
0.960831
0.48533
0.32802
0.429149
-0.049331
-0.215473
0.664762
0.770225
0.241925
-0.194564
0.854807
0.10689
-0.830246
0.96458
0.264443
-0.0565173
-0.0743809
0.765377
0.43276
-0.806758
0.607172
-0.412825
0.256685
0.0730166
-0.0264149
0.371688
-0.575628
0.121939
0.322411
0.632195
-0.400858
0.347797
0.3604
0.658685
-0.792397
0.554317
-1.00679
0.296136
-0.913495
-0.130866
-0.367346
0.979665
-0.595973
-0.922188
0.733547
0.323217
-0.22429
0.0671941
-0.844014
0.753189
-0.284104
-0.231172
-0.312786
0.907578
-0.0996937
-0.129077
0.963444
-1.03526
0.123579
-0.173401
-0.0532149
0.91268
0.545934
-0.0124403
0.539359
0.27404
-0.299072
-0.498148
0.398671
0.764131
-0.502974
0.92141
0.389954
-0.763214
0.4574
-0.806994
-0.529876
0.762012
-0.230598
-0.451805
0.899165
-0.291297
0.75133
0.329396
-0.594974
0.608246
-0.405557
-0.606233
-0.11136
-0.254294
-0.727982
0.480717
0.0187166
-0.189213
0.636311
-0.566075
0.507771
0.9063
-0.720504
0.935209
-0.49872
0.661568
-0.94855
-0.294457
-0.906601
0.92851
-0.447644
0.00342573
-0.0022324
-0.966838
-0.349038
0.66221
0.126243
-0.15255
-0.207981
-0.378707
0.111931
0.205059
-0.58193
0.233671
-0.306003
-0.336304
0.0539091
0.842305
0.370808
-0.401677
0.833269
0.244547
0.493322
-0.148888
0.63957
0.682908
-0.117549
0.414792
0.0851149
-0.547736
0.0172957
0.310147
0.947863
0.234802
0.944539
0.713843
-0.775639
0.184011
0.869956
0.157044
0.427112
-0.0854402
-0.337477
-0.479694
-0.217671
0.20311
0.486946
-0.238245
0.0649055
0.756165
-0.289101
0.84002
0.300326
0.108329
0.49294
-0.587931
-0.685846
0.344756
0.86479
0.320883
0.107211
-0.0651681
-0.44623
0.451142
0.63361
0.987058
-0.757801
0.0846311
-0.508302
0.206909
0.144691
-0.141018
-0.615198
0.64284
-0.52358
0.827989
-0.203907
0.829334
-0.740056
0.418716
0.47318
-0.252217
-0.994056
0.20699
0.889355
0.0314478
-0.828132
-0.582361
0.726271
-0.956677
0.273856
-0.255807
-0.892069
-0.605979
-0.78456
-0.857391
0.281546
0.692344
-0.56766
0.30211
0.593415
-0.532149
0.748298
-0.472687
-0.763977
0.608635
0.110683
0.842269
-0.00882671
0.690932
-0.941666
0.293534
0.148544
-0.605679
0.501659
-0.254343
0.425798
0.533274
-0.583853
0.305711
-0.513487
0.498718
-0.84755
-0.559948
-0.502603
0.593362
0.243063
-0.0340012
-1.1516
-0.133144
-1.00862
0.459156
-0.218631
0.256295
-0.855914
0.542612
0.370353
-0.752929
-0.342644
0.309665
0.867426
-0.048997
0.674344
0.785999
0.0461327
-0.465075
-0.359747
-0.331844
-0.996409
0.431103
-0.283344
-0.596172
0.079977
-0.62756
0.596863
-0.623578
0.502671
-0.739917
0.933799
-0.896763
-0.649129
-0.545393
-0.449074
-0.776518
-0.396871
0.407737
-0.200921
0.449918
-0.608034
-0.561197
0.62041
0.609896
-0.432149
0.714093
-0.224189
0.349249
0.689948
0.0331792
-0.327
-0.181113
-0.750017
-0.598324
-0.339611
0.42708
0.270921
0.292682
-0.46296
-0.592959
-0.514159
-0.746787
0.945013
0.457244
0.59997
-0.894625
0.266062
-0.0961671
-0.460434
-0.684209
0.0134985
-0.447137
-0.589337
-0.781932
-0.0653074
-0.550146
0.792603
0.1481
0.39629
-0.0640552
-0.0338812
-0.6968
0.907133
0.248768
0.650493
-0.665708
0.657616
0.682128
0.358715
-0.275593
0.119301
-0.285543
-0.425614
0.785877
-0.37651
-0.273745
0.326603
-0.0077253
-0.967377
0.315641
0.362321
0.303056
-0.936361
0.320135
0.495892
0.761239
-0.923097
0.488125
0.925384
-0.299529
-0.752196
0.196254
0.30283
0.505645
0.887619
0.11409
-0.671857
-0.52937
0.474993
-0.364739
-0.399479
0.854255
-0.740895
0.108452
0.373716
0.0184593
0.0203776
0.234564
-0.761974
-0.460638
0.565438
-0.569956
-0.773566
0.379029
-0.399709
-0.99302
-0.661215
0.707701
0.795187
0.731159
-0.548154
0.837819
0.12379
-0.712333
0.829748
-0.330536
-0.488192
-0.24121
-0.222504
0.504313
0.650914
0.460036
-0.897696
0.767293
0.596716
0.210874
-0.402943
0.279746
-0.704827
0.832402
0.702627
0.955871
0.200661
0.309495
-0.467687
-0.791913
-0.834729
-0.0805725
0.603611
-0.827745
0.511359
0.569797
0.283152
-0.126242
-1.00594
-0.0728152
0.714298
-0.81969
-0.16433
0.73541
-0.410281
-0.920965
0.0806134
-0.863489
0.890543
-0.375325
-0.837529
-0.405227
0.0505141
-0.131198
-0.896626
-1.03439
-0.96358
-0.791721
-0.0952839
0.840625
-0.336235
0.465241
-0.333121
-0.876655
0.576746
0.0415105
-0.299629
-0.778149
-0.769483
-0.537279
0.705791
0.499424
-0.914801
-0.175873
-0.374865
0.258876
-0.147911
-0.13337
-0.214907
-0.300732
-0.540731
-0.0431961
0.796608
0.368568
-0.00445829
0.704586
-0.780191
-0.372181
0.612838
-0.933911
-0.832506
-0.888119
-0.708219
-0.352306
-0.195535
-0.67035
-0.817986
0.626298
-0.461815
0.226072
-0.316948
0.759629
0.0848604
-0.53407
-0.805777
-0.307789
0.533321
-0.0379586
0.202514
-0.0790327
0.680744
-0.678207
-0.321693
0.72828
-0.796448
0.324998
0.55614
0.816846
0.612139
-0.0209417
-0.771544
0.215044
0.580814
-0.13625
-0.0028942
-0.578614
0.242292
0.204265
-0.0549011
0.961455
0.77448
-0.838787
-0.677947
-0.879121
0.162487
-0.752158
-0.221186
0.990175
-0.856042
0.412234
-0.77084
0.0773811
0.787932
0.138284
0.205789
-0.200939
0.319418
0.773821
0.455983
0.0663811
0.823684
-0.96102
0.0240599
0.798591
-0.726434
0.234501
0.28519
0.498316
0.148047
0.600651
-0.698033
0.59073
-0.768173
0.222961
0.78872
0.542389
-0.233
0.403964
0.168211
0.547427
-0.16651
-0.483197
-0.71487
0.604384
0.013103
0.266285
0.687385
0.607819
0.547469
-0.850629
0.326157
0.766473
-0.948206
0.202313
0.633656
-0.305524
0.0419483
0.596149
0.043801
-0.105357
0.59287
-0.578928
-0.77278
0.446892
0.730568
-0.787868
-0.937145
-0.284584
-0.385416
-0.36195
0.765785
-0.75287
0.643099
0.229591
-0.331421
0.9079
0.378511
0.472126
0.405802
-0.418321
-0.234065
-0.710132
-0.36179
0.168693
0.752377
0.547483
-0.13496
-0.959592
-0.527506
0.408186
-0.260385
-0.417783
0.923638
0.922665
0.436725
-0.589912
-0.877975
-0.105657
0.0464627
-0.208726
0.674641
0.381257
-0.444759
0.277621
0.936474
-0.299637
0.0829393
-0.651678
0.663134
-0.387928
-0.557667
-0.086245
0.60787
-0.0462293
-0.969849
0.582837
0.280046
0.704392
-0.156715
-0.474615
0.256945
0.504788
0.240164
-0.710233
-0.283351
0.0690762
-0.311508
-0.891125
0.00472818
-0.17575
-0.801172
0.839633
0.432641
-0.210851
-0.116821
-0.799847
-0.391222
-0.669791
-0.536665
0.664376
0.799032
0.78619
-0.97122
0.126221
0.639703
-0.682205
-0.794998
-0.584948
-0.165672
0.875161
0.72742
-0.261453
-0.865439
-0.447152
-0.375069
0.0279835
-0.374548
-0.324603
-1.00357
-0.375553
0.0901294
-0.60503
-0.775915
-0.437455
-0.871206
-0.320674
0.838196
0.851839
-0.0960478
0.503185
-0.60955
-0.0893987
-0.578301
-0.188655
-0.219138
0.96354
0.452138
0.0199656
0.187467
0.699095
-0.304514
-0.837797
0.409814
0.725617
0.768492
-0.778913
-0.716844
-0.95187
0.289184
-0.313506
0.748393
-0.157604
-0.38118
0.54693
-0.0112913
-0.243384
0.0647274
0.83068
0.868192
0.930157
0.837363
-0.0356067
0.604315
0.834359
-0.0229389
0.830058
-0.98476
-0.644953
-0.521826
-0.361187
-0.84563
0.458748
0.552462
-0.985561
0.445416
0.416953
-0.107543
0.421853
-0.453489
0.578715
0.800767
-0.963332
0.559795
-0.494384
0.564472
0.273754
-0.378736
-0.671677
0.767269
0.73542
0.0905743
0.604987
0.437045
0.436972
-0.281377
-0.847888
0.277706
-0.749611
0.142777
0.587307
0.870996
-0.93299
-0.950607
0.196004
-0.611255
0.49084
-0.876568
-0.5132
0.271197
-0.291058
-0.107624
-0.242219
-0.907922
0.46132
0.713969
0.248367
-0.598675
-0.159367
-0.477789
0.740613
-0.388412
0.80568
-0.0665899
-0.888631
-0.275521
0.882204
-0.0310394
0.722599
0.626133
-0.439114
-0.857926
-0.423722
0.812213
0.0432992
-0.599864
0.507708
-0.123
-0.712926
0.855188
0.592982
-0.0125135
0.458771
-0.250814
-0.2345
0.65546
-0.57567
0.574906
0.46214
0.680092
-0.0912534
-0.856234
-0.0118888
-0.806842
-0.725409
-0.671288
0.947869
-0.585307
0.748878
-0.822501
0.487725
0.015079
-0.380577
-0.40381
-0.968648
-0.524574
0.263072
0.398411
0.765191
0.0849069
-0.828645
-0.562932
-0.850381
-0.034738
-0.207951
0.639561
0.189932
0.882051
0.746335
0.0440724
-0.173041
-0.650718
0.0789281
0.0952795
0.5362
0.606708
0.190238
0.743392
-0.761147
0.5726
-0.236111
-0.287288
0.356107
0.35378
0.0476994
-0.233258
0.828412
0.518383
-0.647448
0.051357
0.847123
0.457631
-0.149969
0.912515
-0.967753
0.519814
-0.305444
-0.544919
-0.0099901
0.620265
-0.204528
-0.59427
0.19743
0.409068
-0.431138
0.312684
-0.12393
-0.115625
-0.96317
0.0104931
0.403851
-0.618735
0.948038
0.823393
-0.923958
-0.251166
-0.747506
-0.69793
-0.836503
0.513136
0.634434
0.494251
-0.613248
0.821798
-0.48056
0.117549
0.411145
-0.843006
0.00657493
0.0551362
-1.04352
0.785191
0.306908
-0.555077
0.334226
-0.189812
0.772525
-0.629947
0.776862
0.129788
-0.912428
0.606689
0.0900954
-0.0406811
0.171352
0.651388
-0.323107
0.708298
0.118286
0.487205
0.305951
-0.93018
-0.937601
0.495874
0.914056
0.213571
0.035519
-0.619395
0.707233
-0.939452
0.130277
-0.978447
-0.0276642
-0.553991
0.0833986
0.140071
0.0675017
0.700187
-0.300479
-0.832089
-0.669103
-0.276835
0.0906734
0.956398
-0.698227
0.575544
-0.424626
0.616533
0.268149
0.842206
0.462135
-0.658317
-0.140248
0.778736
-0.439382
-0.728061
0.0858531
0.427731
-0.591597
0.828143
0.723185
-0.214818
-0.392259
-0.325617
-0.303609
0.763388
-0.646605
0.633247
0.772937
0.63022
0.511332
-0.321076
-0.730963
0.503039
-0.898764
-0.39141
-0.862966
-0.502956
0.580423
-0.75066
0.470181
0.835964
-0.0180124
-0.732767
0.437411
-0.87947
-0.895328
0.535002
-0.28525
-0.00271129
-0.666675
-0.265635
0.0955249
0.216116
-0.185212
0.57852
-0.384442
-0.778531
0.523436
-0.385441
-0.954344
0.483765
0.835482
-0.996198
-0.826367
0.363733
0.135197
0.354308
-0.918399
0.690283
-0.252531
-0.883813
0.430796
0.580105
0.445125
-0.370139
-0.0176015
0.42146
-0.424669
-0.584435
0.415884
0.670493
0.394
0.453078
-0.747564
-0.712481
-0.0809947
-0.265391
-0.106209
0.735556
0.428165
0.210417
-0.353388
0.286375
0.181565
-0.452541
-1.03942
-0.93404
-0.27086
0.0957545
0.65389
-0.661476
-0.318688
-0.581634
-0.00889333
0.489932
0.270438
0.0450252
-0.942928
-0.625021
-0.911552
-0.597484
-0.194733
0.762424
-0.0818226
0.566644
-0.570707
0.0101683
-0.346144
-0.438641
0.613782
0.228221
0.0107081
-0.668818
0.446717
0.166924
0.587094
-0.9187
-0.323874
-0.156772
-0.697235
-0.873454
-0.801409
0.355168
-0.882275
-0.157767
0.797883
0.546057
0.604175
0.20525
-0.487854
-0.71513
0.604891
-0.936906
-0.65774
-0.403559
-0.52534
0.691495
-0.916736
-0.818316
-0.52269
-0.0350425
-0.0112664
-0.224139
0.266145
-0.148308
0.889311
-0.766132
0.370377
-0.186323
-0.354186
0.734541
-0.270335
0.128368
-0.203553
-0.169712
0.70499
-0.996253
0.83755
0.797431
0.214754
-0.775254
0.340706
-0.908696
0.678809
0.836219
-0.520921
0.229303
-0.74446
-0.0727318
-0.249408
-0.70847
-0.28658
0.0849466
0.349748
0.801803
-0.540538
-0.279278
0.0739261
-0.216087
-0.446815
-0.413238
-0.873879
0.543969
-0.0796338
-0.958249
-0.759356
0.854271
0.354859
0.0634355
-0.787181
-0.226784
0.84511
0.483074
0.343557
-0.189962
0.774957
-0.940317
-0.910826
-0.841461
-0.462776
0.408266
-0.778536
0.434105
0.187008
0.522045
0.868269
-0.0568931
0.755015
0.864197
0.587095
-0.323746
0.602383
-0.348402
0.694208
0.637876
-0.886718
-0.979581
0.344493
-0.0458006
-0.924385
0.391712
-0.856777
-0.290692
-0.849156
0.0745352
-1.00442
-0.941652
0.101291
0.38778
0.561136
-0.338864
-0.646033
-0.13583
-1.00792
-0.302439
-0.94455
-0.0243105
0.721309
0.602937
-0.407289
-0.0649879
-0.64918
-0.276397
0.701095
-0.385044
0.346762
-0.763748
-0.0671172
-0.72515
-0.720979
0.204869
-0.827052
-0.462556
-0.417009
-0.0180154
0.0365951
-0.52202
0.894082
-0.0766019
0.368036
-1.00555
0.869876
-0.708246
-0.573669
-0.731996
0.439947
-0.586365
-0.0400307
-0.355284
-0.71072
-0.64406
0.625018
-0.572894
0.319076
-0.262837
0.0879915
0.759367
-0.821263
-0.402654
-0.96414
-0.229692
-0.885116
-0.962517
-0.292853
0.436905
-0.0257728
0.157707
0.862437
-0.543783
-0.732393
-0.869182
0.543847
0.0803179
-0.554166
0.280294
0.868507
-0.719298
-0.31066
-0.476644
0.210509
-0.0807309
0.00407893
0.486367
0.447474
0.117196
0.848044
0.417128
0.390103
-0.0516042
-0.630042
0.273763
-0.384279
-0.00776862
0.353042
-0.398487
-0.790052
-0.988606
0.0142487
-0.280642
-0.724446
-0.223454
0.462476
0.852112
0.252293
-0.943585
-0.122008
-0.532412
-0.759588
-0.492483
-0.469261
0.657547
-0.41369
-0.788718
0.701537
-0.800367
-0.039015
-0.608972
0.367968
0.41769
0.349669
-0.450163
0.288032
0.306531
0.793444
0.654968
0.736655
0.240451
0.504199
-0.249839
0.631776
-0.367575
0.39231
-0.233111
-0.75727
0.27157
0.549266
-0.945288
0.0183777
0.766532
0.578583
-0.166621
0.422139
-0.993921
-0.336753
0.334688
-0.927928
0.161765
0.822389
-0.539506
0.771746
0.424765
0.835622
0.363792
-0.342724
0.767355
-0.117042
0.503656
-0.81405
0.372924
-0.05418
0.690431
0.381716
0.846127
0.323345
0.396822
0.853533
-0.0842113
-0.857265
0.787899
0.927775
-0.786949
-0.0295838
-0.545955
-0.48265
-0.765317
-0.880703
-0.626982
0.237615
-0.181244
0.17322
0.098567
-0.458752
-0.403908
0.57975
0.283771
0.39416
0.288324
-0.336715
-0.0052321
-0.752206
0.933663
-0.848597
-0.259108
0.624934
0.405265
0.799631
0.697282
-0.193228
-0.887066
-0.786156
-0.127692
-0.136726
-0.785877
0.676268
0.394487
-0.281848
0.667945
-0.380723
0.234542
-0.213376
-0.287073
0.190022
-0.52709
0.437899
0.304249
-0.886193
-0.411448
-0.315911
0.0544987
0.199792
-0.637173
0.509984
-0.648014
-0.216698
-0.875488
0.100133
-0.81871
-0.358106
-0.252572
-0.0310827
-0.731698
0.925897
0.859758
0.391476
0.917817
0.266292
-0.292687
0.561655
-0.846513
-0.068469
0.362613
0.168351
-0.704788
0.296048
-0.364209
0.654849
-0.476155
-0.88987
0.967011
0.197606
0.756949
-0.456475
-0.258799
-0.72752
-0.587419
-0.743675
0.639134
0.31999
-0.0817264
0.965656
0.295849
0.613715
-0.62404
-0.119138
0.679924
-0.372738
0.995841
0.430797
0.568048
0.793215
0.235328
0.369682
-0.759439
0.698203
-0.5654
-0.00933494
-0.862006
-0.682794
-0.154276
-0.50398
0.830316
0.542323
0.603914
0.143965
0.363766
-0.305557
-0.587938
0.473944
0.54274
0.0722643
-0.85109
-0.975448
0.741454
0.433135
-0.773818
-0.75743
-0.328513
-0.927714
-0.112797
0.80536
-0.86808
0.791286
-0.519805
-0.00600067
-0.408445
0.0387912
0.270157
0.126152
-0.986994
0.628113
0.302639
-0.379313
-0.414246
-0.470942
-0.690373
-0.55801
0.614103
-0.860035
-0.0872844
0.457933
0.701372
0.239666
-0.514164
-0.706505
0.533199
0.555589
-0.548758
0.418107
0.647944
-0.878447
0.411374
-0.641852
-0.0677017
-0.828408
-0.249194
0.885829
-0.868555
-0.0247448
0.374195
-0.0862329
0.169089
-0.092122
-0.679614
-0.302557
-0.104502
-0.462822
0.392367
-0.720847
-0.75887
0.220248
0.300954
-0.715388
0.698358
0.606629
0.701866
0.286698
-0.695879
0.675609
0.08489
-0.956391
-0.129478
-0.948559
0.536573
0.149907
-0.920478
-0.81391
-0.420382
0.915576
0.389258
0.89563
-0.921569
-0.218553
0.559988
-0.0760769
0.648643
0.409535
0.835632
-0.033254
0.307141
0.0718294
-0.0196187
0.223586
-0.885834
-0.190329
0.488203
-0.421632
0.569552
-0.179673
0.116874
0.884706
-0.901412
-0.165183
-0.865567
0.22933
0.650433
0.641723
0.34319
0.43217
-0.580239
0.132091
0.23579
0.960987
0.663366
0.412775
-0.531908
-0.540277
0.382129
-0.883625
-0.930825
-0.763181
-0.108663
0.944614
-0.953464
-0.961299
0.944347
0.933995
-0.487832
0.388364
-0.880442
0.471842
-0.357094
-0.633704
-0.493358
0.0115172
0.417179
-0.814171
-0.000672267
-0.0327529
0.764661
0.0175337
-0.366032
0.335472
-0.238125
-0.233471
-0.457185
-0.942264
0.282599
-0.661307
0.233884
0.108145
-0.047782
0.638547
0.634018
0.543504
0.614403
0.631238
-0.414442
0.152787
-0.754594
-0.93125
0.0447077
-0.458254
0.742442
-0.627141
0.543579
0.789837
-0.918135
-0.953164
-0.791742
-0.358382
0.815352
-0.575252
-0.855039
0.423175
0.0341741
-0.795246
0.227191
-0.281555
0.0611931
-0.748301
0.128539
-0.23722
-0.34112
-0.777201
0.854489
0.514967
-0.276505
-0.118812
0.739796
0.682849
-0.88246
0.951994
-0.867919
0.0324144
0.454574
0.970647
-0.824324
-0.121926
0.833039
-0.651703
0.843661
-0.489079
0.250396
-0.093478
-0.582288
0.564757
-0.391017
0.556742
-0.358033
0.579824
0.231322
-0.424575
-0.261455
0.367723
0.654296
0.191477
-0.361366
0.428176
-0.434989
0.204027
0.306083
-0.762713
-0.977185
-0.933998
-0.528028
-0.109536
-1.03208
-0.422028
0.358797
-1.05844
0.252782
-0.605581
0.282431
0.27553
-0.462815
-0.947456
-0.212282
0.449309
0.598611
-0.618759
-0.193395
-0.950751
-0.85011
0.212394
-0.261804
0.483268
-0.909225
0.795995
0.421838
-1.04306
-1.15075
0.045107
-0.124149
0.1321
0.26521
-0.401639
0.576228
-0.390134
-0.184574
-0.61966
0.0566814
0.758192
0.571568
-0.944602
-0.734726
-0.47217
0.586839
-0.436852
-0.405586
0.352953
-0.908269
-0.0833434
0.140211
-0.904012
0.665434
-0.876275
0.633083
-0.380792
0.303409
-0.0821027
-0.463009
-0.127189
-0.455907
0.151248
0.35422
-0.394086
0.626549
-0.69038
-0.629677
0.504291
0.105328
0.367593
-0.702138
0.696028
-0.17507
-0.297966
-0.0833702
-0.218293
0.344556
-0.694361
0.631497
0.617999
0.495281
-0.766596
0.732901
0.457114
0.888573
0.124337
0.514456
0.132636
0.609279
-0.2559
-0.313392
-0.652929
-0.40398
0.777236
-0.445798
0.712887
-0.296086
0.627132
0.244649
-0.0755297
0.13954
0.35566
-0.615606
0.46396
-0.511663
0.806655
0.146871
-0.761763
0.840856
-0.352901
0.281721
0.501259
0.77875
0.634259
0.850751
0.602325
0.311176
0.341054
-0.654679
0.60631
0.59743
0.717584
-0.0476147
0.0319718
0.172882
0.0597706
0.871436
0.158257
0.504954
-0.21319
-0.619887
-0.200631
0.596905
0.540517
-0.729253
-0.788039
-0.652005
0.532646
0.000222209
-0.316983
-0.724963
0.729758
0.161434
-0.0830087
-0.365194
0.528751
0.334582
0.36771
-0.77628
0.198757
-0.345236
-0.890562
0.568227
-0.564873
-0.908783
-0.665066
-0.207621
0.86572
-0.764409
0.078994
0.624053
-0.424633
-0.643626
0.248495
0.343529
0.91879
0.63242
0.697095
-0.665406
0.136067
-0.496155
0.22089
-0.803572
0.908036
-0.843316
0.208599
-0.216235
0.730274
0.131317
-0.722511
-0.878153
-0.485331
0.926711
-0.0362821
-0.964522
0.594053
0.447418
-0.273988
-0.25571
0.0746001
-0.348413
0.860411
0.0956994
-0.215877
0.881501
0.730871
0.744836
0.286117
0.859869
-0.486339
0.0978194
0.835467
-0.0724221
-0.861208
0.487226
0.905341
0.890678
-0.00348346
0.373758
-0.558068
-0.932545
0.0884169
0.524665
-0.824641
0.000962536
0.441521
0.11742
-0.189958
-0.804827
-0.0186606
-0.334855
0.896714
-0.0271908
-0.132524
-0.855536
-0.148811
-0.249335
-0.220999
-0.58322
0.380155
-0.918401
-0.53294
0.207436
0.198609
0.597869
0.578413
0.516207
0.0828197
0.137053
0.345815
-0.704785
0.107366
0.0798616
0.625076
-0.299738
0.905996
0.335393
-0.425198
-0.0191423
0.424999
-0.460293
-0.317904
-0.333459
-0.217905
-0.153403
-0.92946
-0.270452
0.920587
0.812299
-0.38421
-0.672304
0.061243
-0.0396116
0.745104
0.224052
0.132407
0.0844618
-0.0772676
0.550778
0.481423
0.315226
0.222354
0.128002
-0.291669
0.723881
0.518238
0.873162
0.0776335
0.244548
-0.506407
-0.40248
0.261866
0.481304
0.457969
-0.505249
-0.624461
-0.843951
0.398861
0.194759
0.135903
0.788611
0.535939
-0.0760402
-0.0381364
-0.305057
-0.208057
0.742445
0.575287
-0.715389
0.928643
-0.690597
-0.295298
0.682248
0.85051
-0.530263
0.369406
0.0104295
-0.871747
0.121035
0.602438
0.665757
0.544219
0.0825279
-0.904842
0.596231
0.419954
0.607433
0.260278
-0.608522
-0.311976
0.775911
-0.671944
-0.381858
0.00306745
0.109944
-0.700205
-0.0954342
0.486428
0.414986
0.201524
0.583682
-0.0388109
-0.973836
-0.681678
0.24664
-0.782663
0.261648
0.567576
-0.990782
-0.245032
0.0234798
-0.959737
-0.593448
0.928026
0.167952
-0.152528
-0.349058
-1.04264
-0.3541
0.580132
0.862621
-0.828548
0.0978371
-0.764242
-0.0939351
0.426706
0.577781
-0.638417
-0.226006
0.577273
-0.312691
-0.767391
-0.820721
-0.594824
-0.688339
0.0462097
0.406511
-0.17323
-0.144815
0.864857
0.691632
-0.902411
0.625419
0.839866
0.929688
0.850306
-0.639654
-0.160039
-0.0831717
0.683772
0.81675
-0.70812
0.634283
0.426988
0.779664
0.809927
-0.772013
-0.579688
-0.262276
0.944306
-0.304637
-0.676783
0.602223
0.262181
0.172109
-0.926651
-0.00874962
0.111758
0.163735
-0.471463
0.105497
-0.880428
-0.398448
0.0481837
-0.0303499
0.579364
0.794371
-0.217946
-0.494033
0.267195
0.102008
-0.401256
-0.544233
0.269728
-0.224888
0.0925361
-0.196786
-0.680519
-0.771325
0.512047
-0.707998
0.110898
-0.87844
-0.417165
-0.0528911
-0.21935
-0.815299
-0.242442
0.628048
-0.322687
-0.16052
0.497988
0.236545
0.350494
-0.574299
0.0172576
0.478784
-0.987406
0.748338
-0.653085
0.435914
-0.0106061
0.0986451
-0.476132
-0.730191
-0.117627
-0.904882
0.0984694
0.32685
-0.311355
-0.320493
0.728706
-0.088231
0.0974083
-0.515535
0.225407
-0.0985518
-0.926641
-0.0369484
-0.0190205
-0.900655
-0.185908
0.629546
-0.482991
0.635797
-0.32586
-0.674631
-0.932477
0.643898
-0.75124
0.172948
0.129815
0.681066
0.217649
0.124615
0.142337
-0.989533
-1.18005
-0.647339
-0.637916
-0.657552
-0.546124
-0.486899
-0.893277
-0.322561
0.392444
0.166291
0.202047
0.445791
0.380523
-0.75108
-0.0784403
-0.328152
-0.0393487
-0.128896
-0.305739
-0.0159729
-0.622609
0.104723
0.536343
-0.447841
-0.664843
-0.966982
0.581646
0.422682
-0.355534
-0.510678
-0.658127
-0.028574
0.0331155
-0.502773
-0.814744
-0.728233
-0.384746
0.431686
-0.877163
0.388946
-0.32116
0.386964
0.483869
0.0212156
0.0344032
0.335847
-0.0171072
-0.399724
0.0386378
-0.920118
-0.158341
0.0931113
0.178973
-1.04089
-0.0241671
0.164805
-0.387185
0.262984
0.0803423
-0.952381
0.0429814
0.159872
0.621958
-0.222439
0.495746
0.780505
-0.0313764
-0.581351
-0.632501
-0.629854
-0.0445016
0.589312
-0.633995
-0.406702
-0.982593
-0.0595282
-0.406835
-1.08687
0.640069
0.304994
-0.494927
-0.753019
0.190147
0.891499
-0.695694
-0.416314
-0.918476
0.487011
-0.651721
0.802488
-0.398353
0.471406
0.554703
0.85843
0.765248
-0.179257
0.149364
0.355537
-0.00251323
0.739518
0.0185276
-0.803521
0.542087
-0.522979
-0.946069
-0.383529
0.361843
0.7291
-0.340579
0.214839
0.747131
-0.542901
0.150321
-0.885432
0.272916
0.0942571
0.263673
-0.546858
0.60949
-0.516054
-0.671307
0.686878
-0.110215
0.318994
0.0629242
0.121559
-0.310184
-0.48551
0.340634
0.685318
-0.367407
0.041757
-0.126068
0.723504
-0.33096
0.545068
-0.36595
0.691306
0.298232
0.702385
-0.885548
0.148955
0.608212
-0.00131454
0.293912
0.188212
0.469954
-0.489197
0.595606
-0.312522
-0.11
-0.869042
-0.809948
0.478395
-0.450609
-0.118859
-0.0629139
-0.209814
-0.14557
0.543095
0.676539
0.257215
0.564822
-0.741106
0.120773
-0.270573
-0.83393
-0.485484
-0.247031
-0.851946
-0.839375
0.77271
0.692531
0.395305
0.576116
0.752915
-0.778027
-0.799271
0.840867
0.0870758
0.552544
-0.152642
-0.779413
-0.512291
0.0619929
0.800039
-0.49977
-0.753296
0.0408592
-0.967703
-0.820448
-0.791044
-0.524125
-0.535431
-0.262216
-0.447424
0.0163732
-0.617471
0.412965
0.492485
0.290395
0.14843
-0.454073
-0.305864
0.560453
0.564107
-0.448654
-0.321639
0.917384
0.262648
0.267305
-0.929876
-0.420786
-0.38
0.0106349
-0.874689
-0.472823
0.704985
0.303558
0.755443
-0.450283
0.334193
0.72883
0.329978
0.26746
-0.910445
-0.539363
-0.106763
-0.664649
0.218326
0.127926
-0.0556982
0.821845
-0.857089
-0.576335
-0.31985
-0.831881
0.530029
0.489795
0.11656
0.00188256
0.469977
-0.771625
0.256602
-0.295452
0.138772
0.83256
0.267896
-0.818282
0.3246
-0.0222247
0.351599
0.0947794
-0.161355
-0.465316
0.484544
-0.845001
0.959951
0.34085
0.42185
0.176103
0.304139
0.677991
-0.666321
0.777563
-0.260027
-0.443093
-0.443173
-0.569262
0.548012
0.903768
0.102351
0.483224
-0.231652
-0.520469
-0.258661
0.441103
-0.660822
-0.402421
-0.658415
0.604665
0.15069
0.900047
-0.189646
-0.411165
0.442244
-0.865664
-0.844656
0.57401
-0.0946017
0.775691
-0.505534
-0.341803
0.792579
1.62941e-05
0.480576
0.789256
0.892839
-0.192619
0.133077
-0.972428
-0.0988197
0.928712
-0.358153
0.505672
-0.837492
-0.248371
0.31032
-0.118165
0.641153
-0.0209396
-0.198465
-0.584985
-0.582919
0.125251
0.428505
-0.630176
-0.293712
0.236479
0.3894
-0.159139
-0.0759388
0.229092
0.0896255
-0.252678
0.977459
-0.706172
-0.11934
0.698513
0.820398
-0.11354
0.223634
-0.706781
0.553233
-0.191025
0.332886
-1.01335
0.542307
-0.0305164
0.126644
-0.551812
0.103567
-0.31243
-0.633421
-0.806524
-0.602294
-0.875212
-0.240495
-0.384615
0.0445142
0.218941
0.00235748
0.10509
0.475445
0.694566
0.678061
-0.546105
0.836295
0.812878
0.336476
-0.348264
-0.493162
-0.350161
-0.289933
-0.653258
-0.731291
-0.507865
0.679088
0.573191
-0.193301
0.680302
-0.863863
0.350273
-0.536849
-0.724231
0.743728
0.837303
0.113374
-0.796844
-0.536461
-0.0700576
-0.0890832
-0.104511
-0.290437
-0.706158
-0.263798
0.247961
0.719013
0.0665777
-0.557017
0.293064
-0.566597
0.598291
0.896325
-0.380665
-0.52743
-1.08027
-0.296615
0.541068
-0.404266
-0.519719
0.891638
-0.889212
-0.0217398
0.964212
-0.428866
0.711623
0.526925
-0.091254
-0.20843
-0.975425
-0.00914498
0.821065
-0.36395
0.199178
-0.0277751
-0.0686355
0.806386
-0.321485
0.705415
0.673178
0.607596
-0.196032
-0.104651
0.392655
-0.743253
0.38793
0.885813
0.416978
-0.569134
0.161611
-0.398434
-0.2515
0.737303
-0.859603
0.571228
0.145106
-0.11054
0.566047
0.0345125
-0.168135
0.222259
-0.188041
0.0138765
-0.953001
0.822208
0.337063
0.342179
0.0649634
0.954413
0.082427
0.400142
-0.0862006
-0.123305
0.189772
0.594447
-0.406036
0.0258523
-0.698548
-0.997517
0.0529923
0.366643
-0.132913
0.594768
-0.896165
-0.837341
-0.183548
0.580236
-0.410822
-0.910919
0.851464
0.915167
-0.946046
0.329498
-0.00720682
-0.701947
-0.842196
-0.020207
-0.961088
0.374564
-0.57691
0.202686
0.151096
